June 14 2023:
Times: 380, 630, 480, 630, 960, 0, 720, 560, 520, 760, 0, 620, 0, 530, 0, 0, 570, 590, 590, 660, 0, 550, 600, 3560, 560, 1370,
650, 650, 610, 460, 630, 0, 810, 0, 0, 1380, 530, 520, 0, 700, 520, 550, 570, 0, 710, 610, 590, 700, 530, 380, 640, 530, 500, 680, 500, 0, 0, 0, 560, 1530, 0, 500, 0, 600, 0,
June 15 2023:
Times: 430, 1290, 450, 470, 470, 0, 0, 730, 0, 500, 580, 650, 810, 0, 520, 570, 1920, 510, 1260, 0, 570, 580, 650, 630, 590, 640, 0, 0, 490, 610, 620, 0, 550, 1160, 500, 0, 620, 760, 560, 490, 540, 2690, 530, 530, 610, 690, 660, 0, 540, 510, 0, 470, 430, 880, 0, 610, 590, 610, 0, 470, 560, 560, 560, 660, 510, 520, 560, 580, 550, 520, 530, 570, 0, 0,
June 16 2023:
Times: 520, 570, 580, 590, 0, 680, 610, 790, 0, 650, 530, 600, 0, 590, 0, 0, 780, 550, 550, 460, 0, 660, 0, 0, 460, 490, 610, 580, 560, 570, 400, 1510, 780, 790, 540, 670, 0, 590, 600, 580, 620, 690, 550, 600, 0, 650, 560, 650, 0, 700, 530, 590, 470, 0, 690, 820, 620, 560, 0,
June 17 2023
Times: 640, 610, 530, 700, 750, 560, 1040, 600, 670, 580, 640, 580, 550, 0, 770, 590, 570, 650, 590, 810, 640, 670, 730, 0, 0, 720, 570, 570, 540, 580, 480, 0, 610, 620, 670, 570, 590, 620, 480, 600, 530, 670, 560, 960, 490, 600, 580, 600, 640, 560, 670, 0, 1370, 580, 620, 620, 0,
June 18 2023
Times: 840, 650, 620, 830, 510, 620, 510, 0, 510, 540, 580, 0, 590, 0, 490, 0, 560, 610, 0, 620, 700, 630, 560, 0, 0, 580, 620, 500, 540, 0, 700, 590, 1690, 600, 990, 690, 0, 630, 0, 660, 600, 5740, 650, 680, 620, 0, 0, 740, 670, 0, 660, 850, 620, 580, 690, 550, 0,